{
 "cells": [
  {
   "cell_type": "code",
   "execution_count": 129,
   "metadata": {},
   "outputs": [],
   "source": [
    "import pandas as pd \n",
    "import numpy as np\n",
    "import matplotlib.pyplot as plt\n",
    "from PIL import Image\n",
    "import torch\n",
    "import cv2\n",
    "from pathlib import Path\n",
    "from scipy.interpolate import interp1d\n",
    "import carla\n",
    "from scipy.spatial.transform import Rotation as R\n",
    "import pymap3d as pm"
   ]
  },
  {
   "cell_type": "code",
   "execution_count": 130,
   "metadata": {},
   "outputs": [],
   "source": [
    "carla_path = Path(\"./output/pure_carla/carla2k19/Chunk_1/batch1/1\")\n",
    "comma_path = Path(\"../../datasets/comma2k19/Chunk_1/b0c9d2329ad1606b|2018-07-27--06-50-48/14\")\n"
   ]
  },
  {
   "cell_type": "markdown",
   "metadata": {},
   "source": [
    "# Comparing processing of positions and orientations"
   ]
  },
  {
   "cell_type": "markdown",
   "metadata": {},
   "source": [
    "Functions to convert between carla positions and orientations and the comma2k way."
   ]
  },
  {
   "cell_type": "code",
   "execution_count": 131,
   "metadata": {},
   "outputs": [],
   "source": [
    "def euler_to_quat(roll, pitch, yaw, deg: bool=False):\n",
    "    rot = R.from_euler(\"xyz\", (roll, pitch, yaw), degrees=deg)\n",
    "    # This returns the quaternion on the [x, y, z, w] format\n",
    "    quat = rot.as_quat()\n",
    "    x = quat[0]\n",
    "    y = quat[1]\n",
    "    z = quat[2]\n",
    "    w = quat[3]\n",
    "    return np.array([w, x, y, z])"
   ]
  },
  {
   "cell_type": "code",
   "execution_count": 132,
   "metadata": {},
   "outputs": [],
   "source": [
    "# HERE: The one currently in use\n",
    "def euler_to_quaternion2(map: carla.Map, location: carla.Location, rotation: carla.Rotation):\n",
    "    # alt0 = origin_geolocation.altitude\n",
    "\n",
    "    # I know this rot matrix works in the original implementation\n",
    "    # Construct rotation matrix from ECEF to ENU frames\n",
    "    # https://gssc.esa.int/navipedia/index.php/Transformations_between_ECEF_and_ENU_coordinates\n",
    "    # r = R.from_matrix([\n",
    "    #     [-np.sin(lon0),  -np.cos(lon0)*np.sin(lat0),   np.cos(lon0)*np.cos(lat0)],\n",
    "    #     [np.cos(lon0),   -np.sin(lon0)*np.sin(lat0),   np.sin(lon0)*np.cos(lat0)],\n",
    "    #     [0,               np.cos(lat0),                np.sin(lat0)             ]]).inv()\n",
    "\n",
    "    # I think we should remove .inv() because I think original example was from ECEF to ENU\n",
    "    # https://carla.readthedocs.io/en/latest/python_api/#carlarotation\n",
    "    # https://se.mathworks.com/help/uav/ug/coordinate-systems-for-unreal-engine-simulation-in-uav-toolbox.html\n",
    "    # In carla\n",
    "    # pitch is right-handed rotation around the y-axis\n",
    "    # yaw is rotation around the z-axis\n",
    "    # roll is rotation around the x-axis\n",
    "    # To adjust for the difference in coordinate systems, we need to negate pitch and yaw\n",
    "    # Adding 180 to convert from values [-180, 180] to [0, 360]\n",
    "    x = np.radians(rotation.roll)\n",
    "    # NOTE: Changing x to negative does nothing\n",
    "    y = -(np.radians(rotation.pitch) + np.pi)\n",
    "    z = -(np.radians(rotation.yaw) + np.pi)\n",
    "    \n",
    "    # x = np.radians(rotation.roll)\n",
    "    # y = np.radians(rotation.pitch)\n",
    "    # z = np.radians(rotation.yaw)\n",
    "    carla_rot = R.from_euler(\"xyz\", (x, y, z), degrees=False)\n",
    "    # r_z_carla_to_enu = R.from_matrix([\n",
    "    #     [np.cos(z), -np.sin(z), 0],\n",
    "    #     [np.sin(z), np.cos(z), 0],\n",
    "    #     [0, 0, 1]\n",
    "    # ])\n",
    "\n",
    "    # r_y_neg_carla_to_enu = R.from_matrix([\n",
    "    #         [np.cos(-y), 0, np.sin(-y)],\n",
    "    #         [0, 1, 0],\n",
    "    #         [-np.sin(-y), 0, np.cos(-y)]\n",
    "    #     ])\n",
    "\n",
    "    # r_x_carla_to_enu = R.from_matrix([\n",
    "    #         [1, 0, 0],\n",
    "    #         [0, np.cos(x), -np.sin(x)],\n",
    "    #         [0, np.sin(x), np.cos(x)]\n",
    "    #     ])\n",
    "\n",
    "    # Additional rotation matrix to align Unreal Engine's coordinate system with ENU\n",
    "    # To make them compatible, we force the Unreal coordinate space to be aligned with the ENU space\n",
    "    # Then x and y is swapped (but have the same rotation sign) and z is negated\n",
    "    # R_align = R.from_matrix([\n",
    "    #     [0, 1, 0],\n",
    "    #     [1, 0, 0],\n",
    "    #     [0, 0, -1]\n",
    "    # ])\n",
    "\n",
    "\n",
    "    # r_carla_to_ecef =  R_align #* r_z_carla_to_enu * r_y_neg_carla_to_enu * r_x_carla_to_enu\n",
    "    # enu_rot = r_carla_to_ecef * carla_rot\n",
    "    enu_rot = carla_rot\n",
    "    # Rotate the rotation to ENU\n",
    "    \n",
    "\n",
    "    # x, y = y, x\n",
    "    # z = -z\n",
    "    # We have that in CARLA\n",
    "    # yaw [-180, 180]  YES\n",
    "    # roll [-180, 180] ALL VALUES ARE AROUND 0\n",
    "    # pitch [-90, 90] YES\n",
    "    \n",
    "    # NEW HERE  \n",
    "    # OLD HERE\n",
    "    origin_geolocation = map.transform_to_geolocation(carla.Location(0, 0, 0)) \n",
    "    # print(\"origin_geolocation = \", origin_geolocation.latitude, origin_geolocation.longitude, origin_geolocation.altitude)\n",
    "    lat0 = np.radians(origin_geolocation.latitude)\n",
    "    lon0 = np.radians(origin_geolocation.longitude)\n",
    "    r_enu_to_ecef = R.from_matrix(\n",
    "        [\n",
    "            [-np.sin(lon0), -np.cos(lon0) * np.sin(lat0), np.cos(lon0) * np.cos(lat0)],\n",
    "            [np.cos(lon0), -np.sin(lon0) * np.sin(lat0), np.sin(lon0) * np.cos(lat0)],\n",
    "            [0, np.cos(lat0), np.sin(lat0)],\n",
    "        ]\n",
    "    )\n",
    "\n",
    "    # enu_rot = R.from_euler(\"xyz\", (x, y, z), degrees=False)\n",
    "    ecef_rot = r_enu_to_ecef * enu_rot\n",
    "    # This returns the quaternion on the [x, y, z, w] format\n",
    "    ecef_orientation = ecef_rot.as_quat()\n",
    "    x = ecef_orientation[0]\n",
    "    y = ecef_orientation[1]\n",
    "    z = ecef_orientation[2]\n",
    "    w = ecef_orientation[3]\n",
    "\n",
    "    # print(f\"{ecef_orientation = }\")\n",
    "    return np.array([w, x, y, z])\n",
    "\n",
    "# HERE: The one currently in use\n",
    "def carla_location_to_ecef(map: carla.Map, location: carla.Location):\n",
    "    # I want to check if this finds the origin\n",
    "    origin_geolocation = map.transform_to_geolocation(carla.Location(0, 0, 0)) \n",
    "    # geolocation = map.transform_to_geolocation(location)\n",
    "    # https://docs.unrealengine.com/4.27/en-US/BuildingWorlds/Georeferencing/\n",
    "    e_enu = location.x  # meters\n",
    "    n_enu = -location.y  # Negate y to convert from right-handed to left-handed coordinate system\n",
    "    # n_enu = location.y\n",
    "    u_enu = location.z\n",
    "\n",
    "    x, y, z = pm.enu2ecef(\n",
    "        e_enu,\n",
    "        n_enu, \n",
    "        u_enu,\n",
    "        np.radians(origin_geolocation.latitude),\n",
    "        np.radians(origin_geolocation.longitude),\n",
    "        origin_geolocation.altitude,\n",
    "        deg=False,\n",
    "    )\n",
    "    # latitude = geolocation.latitude\n",
    "    # longitude = geolocation.longitude\n",
    "    # altitude = geolocation.altitude\n",
    "\n",
    "    return np.array([x, y, z])"
   ]
  },
  {
   "cell_type": "markdown",
   "metadata": {},
   "source": [
    "Functions used to process positions and orientations in the comma2k dataset to plot the trajectory of the vehicle."
   ]
  },
  {
   "cell_type": "code",
   "execution_count": 133,
   "metadata": {},
   "outputs": [],
   "source": [
    "def quat2rot(quats):\n",
    "  quats = np.array(quats)\n",
    "  input_shape = quats.shape\n",
    "  quats = np.atleast_2d(quats)\n",
    "  Rs = np.zeros((quats.shape[0], 3, 3))\n",
    "  q0 = quats[:, 0]\n",
    "  q1 = quats[:, 1]\n",
    "  q2 = quats[:, 2]\n",
    "  q3 = quats[:, 3]\n",
    "  Rs[:, 0, 0] = q0 * q0 + q1 * q1 - q2 * q2 - q3 * q3\n",
    "  Rs[:, 0, 1] = 2 * (q1 * q2 - q0 * q3)\n",
    "  Rs[:, 0, 2] = 2 * (q0 * q2 + q1 * q3)\n",
    "  Rs[:, 1, 0] = 2 * (q1 * q2 + q0 * q3)\n",
    "  Rs[:, 1, 1] = q0 * q0 - q1 * q1 + q2 * q2 - q3 * q3\n",
    "  Rs[:, 1, 2] = 2 * (q2 * q3 - q0 * q1)\n",
    "  Rs[:, 2, 0] = 2 * (q1 * q3 - q0 * q2)\n",
    "  Rs[:, 2, 1] = 2 * (q0 * q1 + q2 * q3)\n",
    "  Rs[:, 2, 2] = q0 * q0 - q1 * q1 - q2 * q2 + q3 * q3\n",
    "\n",
    "  if len(input_shape) < 2:\n",
    "    return Rs[0]\n",
    "  else:\n",
    "    return Rs\n",
    "\n",
    "\n",
    "def process_pose(frame_positions_in, frame_orientations_in, seq_length):\n",
    "    num_pts = 10 * 20  # 10 s * 20 Hz = 200 frames DONT CHANGE\n",
    "    fix_seq_length = seq_length - num_pts - 1  # Is 800 when not in demo\n",
    "    seq_start_idx = seq_length - (fix_seq_length + num_pts)\n",
    "    seq_start_idx = np.random.randint(1, seq_start_idx + 1)\n",
    "    seq_end_idx = seq_start_idx + fix_seq_length\n",
    "    frame_positions = frame_positions_in[seq_start_idx : seq_end_idx + num_pts]\n",
    "    frame_orientations = frame_orientations_in[seq_start_idx : seq_end_idx + num_pts]\n",
    "    t_anchors = np.array(\n",
    "            (\n",
    "                0.0,\n",
    "                0.00976562,\n",
    "                0.0390625,\n",
    "                0.08789062,\n",
    "                0.15625,\n",
    "                0.24414062,\n",
    "                0.3515625,\n",
    "                0.47851562,\n",
    "                0.625,\n",
    "                0.79101562,\n",
    "                0.9765625,\n",
    "                1.18164062,\n",
    "                1.40625,\n",
    "                1.65039062,\n",
    "                1.9140625,\n",
    "                2.19726562,\n",
    "                2.5,\n",
    "                2.82226562,\n",
    "                3.1640625,\n",
    "                3.52539062,\n",
    "                3.90625,\n",
    "                4.30664062,\n",
    "                4.7265625,\n",
    "                5.16601562,\n",
    "                5.625,\n",
    "                6.10351562,\n",
    "                6.6015625,\n",
    "                7.11914062,\n",
    "                7.65625,\n",
    "                8.21289062,\n",
    "                8.7890625,\n",
    "                9.38476562,\n",
    "                10.0,\n",
    "            )\n",
    "        )\n",
    "    t_idx = np.linspace(0, 10, num=num_pts)\n",
    "\n",
    "    future_poses = []\n",
    "    for i in range(fix_seq_length):\n",
    "        # It is using the current rotation as reference\n",
    "        ecef_from_local = quat2rot(frame_orientations[i])\n",
    "        local_from_ecef = ecef_from_local.T\n",
    "        print(f\"{local_from_ecef = }\")\n",
    "        frame_positions_local = np.einsum(\n",
    "            \"ij,kj->ki\", local_from_ecef, frame_positions - frame_positions[i]  # remove local_from_ecef[i]\n",
    "        ).astype(np.float32)\n",
    "\n",
    "        # Time-Anchor like OpenPilot\n",
    "        fs = [\n",
    "            interp1d(t_idx, frame_positions_local[i : i + num_pts, j])\n",
    "            for j in range(3)\n",
    "        ]\n",
    "        interp_positions = [fs[j](t_anchors)[:, None] for j in range(3)]\n",
    "        interp_positions = np.concatenate(interp_positions, axis=1)\n",
    "\n",
    "        future_poses.append(interp_positions)\n",
    "    future_poses = torch.tensor(np.array(future_poses), dtype=torch.float32)\n",
    "    return future_poses"
   ]
  },
  {
   "cell_type": "code",
   "execution_count": 134,
   "metadata": {},
   "outputs": [],
   "source": [
    "seq_length = 1200"
   ]
  },
  {
   "cell_type": "code",
   "execution_count": 135,
   "metadata": {},
   "outputs": [],
   "source": [
    "def plot_trajectory(poses, index=0):\n",
    "    poses = poses[index]\n",
    "    plot_args = dict(label=\"gt\", alpha=1, linewidth=2)\n",
    "    plt.plot(poses[:, 1], poses[:, 0], \"o-\", **plot_args)\n",
    "    plt.xlim((-30, 30))\n",
    "    plt.ylim((-100, 200))\n",
    "    plt.show()"
   ]
  },
  {
   "cell_type": "code",
   "execution_count": 136,
   "metadata": {},
   "outputs": [],
   "source": [
    "def load_video_images(path: str):\n",
    "    frames = []\n",
    "    video = cv2.VideoCapture(path)\n",
    "    while video.isOpened():\n",
    "        ret, frame = video.read()\n",
    "        if not ret:\n",
    "            break\n",
    "        frames.append(frame)\n",
    "    return frames\n",
    "\n"
   ]
  },
  {
   "cell_type": "markdown",
   "metadata": {},
   "source": [
    "# CARLA"
   ]
  },
  {
   "cell_type": "code",
   "execution_count": 137,
   "metadata": {},
   "outputs": [
    {
     "name": "stdout",
     "output_type": "stream",
     "text": [
      "carla_ecef_pos.shape (1200, 3)\n",
      "carla_ecef_rot.shape (1200, 4)\n"
     ]
    }
   ],
   "source": [
    "# These are original carla positions and orientations in their own coordinate system\n",
    "plt.ioff()\n",
    "carla_positions_np = np.load(carla_path / \"global_pose/frame_positions\")\n",
    "carla_orientations_np = np.load(carla_path / \"global_pose/frame_orientations\")\n",
    "carla_positions = [carla.Location(pos[0], pos[1], pos[2]) for pos in carla_positions_np]\n",
    "carla_orientations = [carla.Rotation(pos[0], pos[1], pos[2]) for pos in carla_orientations_np]\n",
    "\n",
    "def load_carla_map():\n",
    "    with open(\"/home/ulrikro/code/Carla2/CARLA_0.9.15/CarlaUE4/Content/Carla/Maps/OpenDrive/Town01.xodr\", \"r\") as file:\n",
    "        data = file.read()\n",
    "        return carla.Map(\"Town01\", data)\n",
    "\n",
    "carla_map = load_carla_map()\n",
    "carla_ecef_pos = np.array([carla_location_to_ecef(carla_map, pos) for pos in carla_positions])\n",
    "carla_ecef_rot = np.array([euler_to_quaternion2(carla_map, pos, rot) for pos, rot in zip(carla_positions, carla_orientations)])\n",
    "print(\"carla_ecef_pos.shape\", carla_ecef_pos.shape)\n",
    "print(\"carla_ecef_rot.shape\", carla_ecef_rot.shape)"
   ]
  },
  {
   "cell_type": "code",
   "execution_count": 138,
   "metadata": {},
   "outputs": [
    {
     "data": {
      "text/html": [
       "<div>\n",
       "<style scoped>\n",
       "    .dataframe tbody tr th:only-of-type {\n",
       "        vertical-align: middle;\n",
       "    }\n",
       "\n",
       "    .dataframe tbody tr th {\n",
       "        vertical-align: top;\n",
       "    }\n",
       "\n",
       "    .dataframe thead th {\n",
       "        text-align: right;\n",
       "    }\n",
       "</style>\n",
       "<table border=\"1\" class=\"dataframe\">\n",
       "  <thead>\n",
       "    <tr style=\"text-align: right;\">\n",
       "      <th></th>\n",
       "      <th>pitch</th>\n",
       "      <th>yaw</th>\n",
       "      <th>roll</th>\n",
       "    </tr>\n",
       "  </thead>\n",
       "  <tbody>\n",
       "    <tr>\n",
       "      <th>count</th>\n",
       "      <td>1200.000000</td>\n",
       "      <td>1200.000000</td>\n",
       "      <td>1200.000000</td>\n",
       "    </tr>\n",
       "    <tr>\n",
       "      <th>mean</th>\n",
       "      <td>-0.001700</td>\n",
       "      <td>-128.505952</td>\n",
       "      <td>-0.009996</td>\n",
       "    </tr>\n",
       "    <tr>\n",
       "      <th>std</th>\n",
       "      <td>0.026147</td>\n",
       "      <td>76.335776</td>\n",
       "      <td>0.083012</td>\n",
       "    </tr>\n",
       "    <tr>\n",
       "      <th>min</th>\n",
       "      <td>-0.216947</td>\n",
       "      <td>-179.984848</td>\n",
       "      <td>-0.432556</td>\n",
       "    </tr>\n",
       "    <tr>\n",
       "      <th>25%</th>\n",
       "      <td>-0.005042</td>\n",
       "      <td>-179.951508</td>\n",
       "      <td>-0.000061</td>\n",
       "    </tr>\n",
       "    <tr>\n",
       "      <th>50%</th>\n",
       "      <td>-0.000061</td>\n",
       "      <td>-179.749481</td>\n",
       "      <td>-0.000061</td>\n",
       "    </tr>\n",
       "    <tr>\n",
       "      <th>75%</th>\n",
       "      <td>0.000096</td>\n",
       "      <td>-89.957579</td>\n",
       "      <td>-0.000061</td>\n",
       "    </tr>\n",
       "    <tr>\n",
       "      <th>max</th>\n",
       "      <td>0.098225</td>\n",
       "      <td>179.932022</td>\n",
       "      <td>0.346678</td>\n",
       "    </tr>\n",
       "  </tbody>\n",
       "</table>\n",
       "</div>"
      ],
      "text/plain": [
       "             pitch          yaw         roll\n",
       "count  1200.000000  1200.000000  1200.000000\n",
       "mean     -0.001700  -128.505952    -0.009996\n",
       "std       0.026147    76.335776     0.083012\n",
       "min      -0.216947  -179.984848    -0.432556\n",
       "25%      -0.005042  -179.951508    -0.000061\n",
       "50%      -0.000061  -179.749481    -0.000061\n",
       "75%       0.000096   -89.957579    -0.000061\n",
       "max       0.098225   179.932022     0.346678"
      ]
     },
     "execution_count": 138,
     "metadata": {},
     "output_type": "execute_result"
    }
   ],
   "source": [
    "df = pd.DataFrame(carla_orientations_np, columns=[\"pitch\", \"yaw\", \"roll\"])\n",
    "df.describe()"
   ]
  },
  {
   "cell_type": "code",
   "execution_count": 139,
   "metadata": {},
   "outputs": [
    {
     "data": {
      "text/plain": [
       "array([[-0.01289, -0.70638,  0.01279,  0.7076 ],\n",
       "       [-0.0006 , -0.70712,  0.00097,  0.7071 ],\n",
       "       [-0.0012 , -0.70712,  0.00193,  0.70709],\n",
       "       [-0.0018 , -0.70713,  0.0029 ,  0.70707],\n",
       "       [-0.00239, -0.70714,  0.00386,  0.70706]])"
      ]
     },
     "execution_count": 139,
     "metadata": {},
     "output_type": "execute_result"
    }
   ],
   "source": [
    "np.set_printoptions(suppress=True, precision=5)\n",
    "carla_ecef_rot[0:5]"
   ]
  },
  {
   "cell_type": "code",
   "execution_count": 140,
   "metadata": {},
   "outputs": [
    {
     "name": "stdout",
     "output_type": "stream",
     "text": [
      "local_from_ecef = array([[ 0.00003, -0.00221, -1.     ],\n",
      "       [-0.00052, -1.     ,  0.00221],\n",
      "       [-1.     ,  0.00052, -0.00003]])\n",
      "local_from_ecef = array([[ 0.00005, -0.00443, -0.99999],\n",
      "       [-0.00104, -0.99999,  0.00443],\n",
      "       [-1.     ,  0.00104, -0.00006]])\n",
      "local_from_ecef = array([[ 0.00008, -0.00664, -0.99998],\n",
      "       [-0.00156, -0.99998,  0.00664],\n",
      "       [-1.     ,  0.00156, -0.00009]])\n",
      "local_from_ecef = array([[ 0.00011, -0.00885, -0.99996],\n",
      "       [-0.00208, -0.99996,  0.00885],\n",
      "       [-1.     ,  0.00208, -0.00013]])\n",
      "local_from_ecef = array([[-0.00028, -0.0097 , -0.99995],\n",
      "       [-0.0007 , -0.99995,  0.0097 ],\n",
      "       [-1.     ,  0.0007 ,  0.00028]])\n",
      "local_from_ecef = array([[-0.00081, -0.00952, -0.99995],\n",
      "       [-0.00033, -0.99995,  0.00952],\n",
      "       [-1.     ,  0.00033,  0.0008 ]])\n",
      "local_from_ecef = array([[-0.00116, -0.00931, -0.99996],\n",
      "       [-0.00022, -0.99996,  0.00931],\n",
      "       [-1.     ,  0.00023,  0.00116]])\n",
      "local_from_ecef = array([[-0.00137, -0.00912, -0.99996],\n",
      "       [-0.00015, -0.99996,  0.00912],\n",
      "       [-1.     ,  0.00016,  0.00137]])\n",
      "local_from_ecef = array([[-0.00135, -0.00896, -0.99996],\n",
      "       [-0.00011, -0.99996,  0.00896],\n",
      "       [-1.     ,  0.00012,  0.00135]])\n",
      "local_from_ecef = array([[-0.00117, -0.00881, -0.99996],\n",
      "       [-0.00009, -0.99996,  0.00881],\n",
      "       [-1.     ,  0.0001 ,  0.00117]])\n",
      "local_from_ecef = array([[-0.00105, -0.00867, -0.99996],\n",
      "       [-0.00007, -0.99996,  0.00867],\n",
      "       [-1.     ,  0.00008,  0.00105]])\n",
      "local_from_ecef = array([[-0.00099, -0.00853, -0.99996],\n",
      "       [-0.00005, -0.99996,  0.00853],\n",
      "       [-1.     ,  0.00006,  0.00099]])\n",
      "local_from_ecef = array([[-0.00098, -0.00841, -0.99996],\n",
      "       [-0.00004, -0.99996,  0.00841],\n",
      "       [-1.     ,  0.00005,  0.00098]])\n",
      "local_from_ecef = array([[-0.001  , -0.00835, -0.99996],\n",
      "       [-0.00003, -0.99997,  0.00835],\n",
      "       [-1.     ,  0.00004,  0.001  ]])\n",
      "local_from_ecef = array([[-0.00103, -0.00833, -0.99996],\n",
      "       [-0.00002, -0.99997,  0.00833],\n",
      "       [-1.     ,  0.00003,  0.00102]])\n",
      "local_from_ecef = array([[-0.00108, -0.00808, -0.99997],\n",
      "       [-0.00002, -0.99997,  0.00808],\n",
      "       [-1.     ,  0.00003,  0.00108]])\n",
      "local_from_ecef = array([[-0.0011 , -0.008  , -0.99997],\n",
      "       [-0.00001, -0.99997,  0.008  ],\n",
      "       [-1.     ,  0.00002,  0.0011 ]])\n",
      "local_from_ecef = array([[-0.00106, -0.00802, -0.99997],\n",
      "       [-0.00001, -0.99997,  0.00802],\n",
      "       [-1.     ,  0.00002,  0.00106]])\n",
      "local_from_ecef = array([[-0.0009 , -0.00794, -0.99997],\n",
      "       [-0.00001, -0.99997,  0.00794],\n",
      "       [-1.     ,  0.00002,  0.0009 ]])\n",
      "local_from_ecef = array([[-0.00068, -0.00788, -0.99997],\n",
      "       [-0.00001, -0.99997,  0.00788],\n",
      "       [-1.     ,  0.00002,  0.00068]])\n",
      "local_from_ecef = array([[-0.00044, -0.01143, -0.99993],\n",
      "       [ 0.00037, -0.99993,  0.01143],\n",
      "       [-1.     , -0.00037,  0.00044]])\n",
      "local_from_ecef = array([[-0.00025, -0.01769, -0.99984],\n",
      "       [ 0.00057, -0.99984,  0.01769],\n",
      "       [-1.     , -0.00056,  0.00026]])\n",
      "local_from_ecef = array([[-0.00009, -0.02396, -0.99971],\n",
      "       [ 0.00058, -0.99971,  0.02396],\n",
      "       [-1.     , -0.00057,  0.00011]])\n",
      "local_from_ecef = array([[ 0.     , -0.02971, -0.99956],\n",
      "       [ 0.00054, -0.99956,  0.02971],\n",
      "       [-1.     , -0.00054,  0.00001]])\n",
      "local_from_ecef = array([[ 0.00006, -0.03473, -0.9994 ],\n",
      "       [ 0.00048, -0.9994 ,  0.03473],\n",
      "       [-1.     , -0.00048, -0.00004]])\n",
      "local_from_ecef = array([[ 0.00007, -0.03908, -0.99924],\n",
      "       [ 0.00043, -0.99924,  0.03908],\n",
      "       [-1.     , -0.00043, -0.00005]])\n",
      "local_from_ecef = array([[ 0.00004, -0.04278, -0.99908],\n",
      "       [ 0.00038, -0.99908,  0.04278],\n",
      "       [-1.     , -0.00038, -0.00003]])\n",
      "local_from_ecef = array([[-0.00001, -0.04596, -0.99894],\n",
      "       [ 0.00033, -0.99894,  0.04596],\n",
      "       [-1.     , -0.00033,  0.00002]])\n",
      "local_from_ecef = array([[-0.00006, -0.04867, -0.99882],\n",
      "       [ 0.00029, -0.99881,  0.04867],\n",
      "       [-1.     , -0.00029,  0.00007]])\n",
      "local_from_ecef = array([[-0.00002, -0.05099, -0.9987 ],\n",
      "       [ 0.00029, -0.9987 ,  0.05099],\n",
      "       [-1.     , -0.00028,  0.00003]])\n",
      "local_from_ecef = array([[ 0.00007, -0.05298, -0.9986 ],\n",
      "       [ 0.00037, -0.9986 ,  0.05298],\n",
      "       [-1.     , -0.00037, -0.00005]])\n",
      "local_from_ecef = array([[ 0.00013, -0.05469, -0.9985 ],\n",
      "       [ 0.00041, -0.9985 ,  0.05469],\n",
      "       [-1.     , -0.00041, -0.0001 ]])\n",
      "local_from_ecef = array([[ 0.00018, -0.05615, -0.99842],\n",
      "       [ 0.00042, -0.99842,  0.05615],\n",
      "       [-1.     , -0.00043, -0.00015]])\n",
      "local_from_ecef = array([[ 0.0003 , -0.05741, -0.99835],\n",
      "       [ 0.00047, -0.99835,  0.05741],\n",
      "       [-1.     , -0.00048, -0.00027]])\n",
      "local_from_ecef = array([[ 0.00047, -0.06175, -0.99809],\n",
      "       [ 0.00088, -0.99809,  0.06175],\n",
      "       [-1.     , -0.00091, -0.00041]])\n",
      "local_from_ecef = array([[ 0.00056, -0.07021, -0.99753],\n",
      "       [ 0.00125, -0.99753,  0.07021],\n",
      "       [-1.     , -0.00128, -0.00047]])\n",
      "local_from_ecef = array([[ 0.00059, -0.08278, -0.99657],\n",
      "       [ 0.0017 , -0.99657,  0.08278],\n",
      "       [-1.     , -0.00174, -0.00045]])\n",
      "local_from_ecef = array([[ 0.00051, -0.0991 , -0.99508],\n",
      "       [ 0.00201, -0.99508,  0.0991 ],\n",
      "       [-1.     , -0.00206, -0.00031]])\n",
      "local_from_ecef = array([[ 0.00036, -0.11945, -0.99284],\n",
      "       [ 0.00254, -0.99284,  0.11945],\n",
      "       [-1.     , -0.00256, -0.00005]])\n",
      "local_from_ecef = array([[ 0.00025, -0.14724, -0.9891 ],\n",
      "       [ 0.00327, -0.9891 ,  0.14724],\n",
      "       [-0.99999, -0.00327,  0.00024]])\n",
      "local_from_ecef = array([[ 0.00019, -0.18113, -0.98346],\n",
      "       [ 0.00392, -0.98345,  0.18113],\n",
      "       [-0.99999, -0.00389,  0.00053]])\n",
      "local_from_ecef = array([[ 0.00009, -0.22262, -0.97491],\n",
      "       [ 0.00478, -0.97489,  0.22262],\n",
      "       [-0.99999, -0.00468,  0.00098]])\n",
      "local_from_ecef = array([[-0.00011, -0.26621, -0.96391],\n",
      "       [ 0.00506, -0.9639 ,  0.26621],\n",
      "       [-0.99999, -0.00485,  0.00145]])\n",
      "local_from_ecef = array([[-0.00025, -0.31215, -0.95003],\n",
      "       [ 0.00549, -0.95002,  0.31214],\n",
      "       [-0.99998, -0.00514,  0.00195]])\n",
      "local_from_ecef = array([[-0.00033, -0.35866, -0.93347],\n",
      "       [ 0.00562, -0.93345,  0.35865],\n",
      "       [-0.99998, -0.00513,  0.00233]])\n",
      "local_from_ecef = array([[-0.00034, -0.40638, -0.91371],\n",
      "       [ 0.00597, -0.91369,  0.40637],\n",
      "       [-0.99998, -0.00531,  0.00274]])\n",
      "local_from_ecef = array([[-0.00025, -0.45725, -0.88934],\n",
      "       [ 0.00643, -0.88932,  0.45724],\n",
      "       [-0.99998, -0.0056 ,  0.00316]])\n",
      "local_from_ecef = array([[-0.00007, -0.51086, -0.85966],\n",
      "       [ 0.00692, -0.85964,  0.51085],\n",
      "       [-0.99998, -0.00591,  0.0036 ]])\n",
      "local_from_ecef = array([[ 0.00009, -0.5623 , -0.82693],\n",
      "       [ 0.00694, -0.82691,  0.56229],\n",
      "       [-0.99998, -0.00579,  0.00383]])\n",
      "local_from_ecef = array([[ 0.0002 , -0.60892, -0.79323],\n",
      "       [ 0.00673, -0.79321,  0.60891],\n",
      "       [-0.99998, -0.00546,  0.00394]])\n",
      "local_from_ecef = array([[ 0.00033, -0.65275, -0.75757],\n",
      "       [ 0.00677, -0.75755,  0.65274],\n",
      "       [-0.99998, -0.00534,  0.00417]])\n",
      "local_from_ecef = array([[ 0.00045, -0.69634, -0.71771],\n",
      "       [ 0.00704, -0.71769,  0.69633],\n",
      "       [-0.99998, -0.00537,  0.00458]])\n",
      "local_from_ecef = array([[ 0.00054, -0.73865, -0.67409],\n",
      "       [ 0.00725, -0.67406,  0.73864],\n",
      "       [-0.99997, -0.00529,  0.00499]])\n",
      "local_from_ecef = array([[ 0.00054, -0.77757, -0.6288 ],\n",
      "       [ 0.00721, -0.62878,  0.77755],\n",
      "       [-0.99997, -0.00495,  0.00526]])\n",
      "local_from_ecef = array([[ 0.00052, -0.8132 , -0.58199],\n",
      "       [ 0.0072 , -0.58197,  0.81318],\n",
      "       [-0.99997, -0.00461,  0.00556]])\n",
      "local_from_ecef = array([[ 0.00044, -0.84517, -0.5345 ],\n",
      "       [ 0.00707, -0.53449,  0.84515],\n",
      "       [-0.99997, -0.00415,  0.00574]])\n",
      "local_from_ecef = array([[ 0.00037, -0.87463, -0.48479],\n",
      "       [ 0.00727, -0.48478,  0.87461],\n",
      "       [-0.99997, -0.00385,  0.00618]])\n",
      "local_from_ecef = array([[ 0.00025, -0.90244, -0.43081],\n",
      "       [ 0.00755, -0.4308 ,  0.90242],\n",
      "       [-0.99997, -0.00348,  0.0067 ]])\n",
      "local_from_ecef = array([[ 0.00011, -0.92615, -0.37717],\n",
      "       [ 0.0072 , -0.37716,  0.92612],\n",
      "       [-0.99997, -0.00281,  0.00662]])\n",
      "local_from_ecef = array([[-0.00003, -0.94536, -0.32604],\n",
      "       [ 0.00666, -0.32603,  0.94533],\n",
      "       [-0.99998, -0.00214,  0.00631]])\n",
      "local_from_ecef = array([[-0.00012, -0.9603 , -0.27897],\n",
      "       [ 0.00614, -0.27896,  0.96028],\n",
      "       [-0.99998, -0.00159,  0.00593]])\n",
      "local_from_ecef = array([[-0.00027, -0.97176, -0.23599],\n",
      "       [ 0.00565, -0.23599,  0.97174],\n",
      "       [-0.99998, -0.00107,  0.00555]])\n",
      "local_from_ecef = array([[-0.00035, -0.98064, -0.19584],\n",
      "       [ 0.00521, -0.19584,  0.98062],\n",
      "       [-0.99999, -0.00068,  0.00517]])\n",
      "local_from_ecef = array([[-0.00036, -0.98722, -0.15935],\n",
      "       [ 0.00477, -0.15935,  0.98721],\n",
      "       [-0.99999, -0.00041,  0.00477]])\n",
      "local_from_ecef = array([[-0.00028, -0.99179, -0.12785],\n",
      "       [ 0.00422, -0.12785,  0.99178],\n",
      "       [-0.99999, -0.00026,  0.00422]])\n",
      "local_from_ecef = array([[-0.00014, -0.99489, -0.10092],\n",
      "       [ 0.00372, -0.10092,  0.99489],\n",
      "       [-0.99999, -0.00024,  0.00371]])\n",
      "local_from_ecef = array([[-0.00005, -0.99694, -0.07822],\n",
      "       [ 0.00319, -0.07822,  0.99693],\n",
      "       [-0.99999, -0.0002 ,  0.00318]])\n",
      "local_from_ecef = array([[-0.00003, -0.99826, -0.05904],\n",
      "       [ 0.00276, -0.05904,  0.99825],\n",
      "       [-1.     , -0.00013,  0.00276]])\n",
      "local_from_ecef = array([[ 0.00002, -0.99908, -0.04297],\n",
      "       [ 0.00231, -0.04297,  0.99907],\n",
      "       [-1.     , -0.00012,  0.0023 ]])\n",
      "local_from_ecef = array([[ 0.00011, -0.99957, -0.02942],\n",
      "       [ 0.00197, -0.02942,  0.99957],\n",
      "       [-1.     , -0.00017,  0.00197]])\n",
      "local_from_ecef = array([[ 0.00011, -0.99981, -0.01926],\n",
      "       [ 0.00156, -0.01926,  0.99981],\n",
      "       [-1.     , -0.00014,  0.00156]])\n",
      "local_from_ecef = array([[ 0.00008, -0.99993, -0.01173],\n",
      "       [ 0.00126, -0.01173,  0.99993],\n",
      "       [-1.     , -0.00009,  0.00126]])\n",
      "local_from_ecef = array([[ 0.00005, -0.99998, -0.00586],\n",
      "       [ 0.00104, -0.00586,  0.99998],\n",
      "       [-1.     , -0.00005,  0.00104]])\n",
      "local_from_ecef = array([[ 0.00002, -1.     , -0.00119],\n",
      "       [ 0.00086, -0.00119,  1.     ],\n",
      "       [-1.     , -0.00002,  0.00086]])\n",
      "local_from_ecef = array([[ 0.00001, -1.     ,  0.00254],\n",
      "       [ 0.00071,  0.00254,  1.     ],\n",
      "       [-1.     , -0.00001,  0.00071]])\n",
      "local_from_ecef = array([[ 0.     , -0.99998,  0.00555],\n",
      "       [ 0.00059,  0.00555,  0.99998],\n",
      "       [-1.     , -0.     ,  0.00059]])\n",
      "local_from_ecef = array([[ 0.00001, -0.99997,  0.00797],\n",
      "       [ 0.00049,  0.00797,  0.99997],\n",
      "       [-1.     , -0.00001,  0.00049]])\n",
      "local_from_ecef = array([[ 0.00001, -0.99995,  0.00994],\n",
      "       [ 0.0004 ,  0.00994,  0.99995],\n",
      "       [-1.     , -0.00001,  0.0004 ]])\n",
      "local_from_ecef = array([[ 0.00002, -0.99993,  0.01154],\n",
      "       [ 0.00033,  0.01154,  0.99993],\n",
      "       [-1.     , -0.00002,  0.00033]])\n",
      "local_from_ecef = array([[ 0.00002, -0.99992,  0.01284],\n",
      "       [ 0.00027,  0.01284,  0.99992],\n",
      "       [-1.     , -0.00002,  0.00027]])\n",
      "local_from_ecef = array([[ 0.00002, -0.9999 ,  0.01391],\n",
      "       [ 0.00023,  0.01391,  0.9999 ],\n",
      "       [-1.     , -0.00002,  0.00023]])\n",
      "local_from_ecef = array([[ 0.00002, -0.99989,  0.01478],\n",
      "       [ 0.00019,  0.01478,  0.99989],\n",
      "       [-1.     , -0.00001,  0.00019]])\n",
      "local_from_ecef = array([[ 0.00001, -0.99988,  0.0155 ],\n",
      "       [ 0.00015,  0.0155 ,  0.99988],\n",
      "       [-1.     , -0.00001,  0.00016]])\n",
      "local_from_ecef = array([[ 0.     , -0.99989,  0.01512],\n",
      "       [ 0.00003,  0.01512,  0.99989],\n",
      "       [-1.     , -0.     ,  0.00003]])\n",
      "local_from_ecef = array([[ 0.     , -0.9999 ,  0.01413],\n",
      "       [-0.00003,  0.01413,  0.9999 ],\n",
      "       [-1.     , -0.     , -0.00003]])\n",
      "local_from_ecef = array([[-0.00001, -0.99991,  0.0131 ],\n",
      "       [-0.00005,  0.0131 ,  0.99991],\n",
      "       [-1.     ,  0.00001, -0.00005]])\n",
      "local_from_ecef = array([[ 0.     , -0.99993,  0.01216],\n",
      "       [-0.00005,  0.01216,  0.99993],\n",
      "       [-1.     , -0.     , -0.00005]])\n",
      "local_from_ecef = array([[ 0.00002, -0.99994,  0.01135],\n",
      "       [-0.00005,  0.01135,  0.99994],\n",
      "       [-1.     , -0.00002, -0.00005]])\n",
      "local_from_ecef = array([[ 0.00006, -0.99994,  0.01067],\n",
      "       [-0.00005,  0.01067,  0.99994],\n",
      "       [-1.     , -0.00006, -0.00005]])\n",
      "local_from_ecef = array([[ 0.0001 , -0.99995,  0.01011],\n",
      "       [-0.00004,  0.01011,  0.99995],\n",
      "       [-1.     , -0.0001 , -0.00004]])\n",
      "local_from_ecef = array([[ 0.00016, -0.99995,  0.00964],\n",
      "       [-0.00004,  0.00964,  0.99995],\n",
      "       [-1.     , -0.00016, -0.00004]])\n",
      "local_from_ecef = array([[ 0.0002 , -0.99996,  0.00926],\n",
      "       [-0.00004,  0.00926,  0.99996],\n",
      "       [-1.     , -0.0002 , -0.00003]])\n",
      "local_from_ecef = array([[ 0.00025, -0.99996,  0.00896],\n",
      "       [-0.00003,  0.00896,  0.99996],\n",
      "       [-1.     , -0.00025, -0.00003]])\n",
      "local_from_ecef = array([[ 0.00027, -0.99996,  0.00871],\n",
      "       [-0.00003,  0.00871,  0.99996],\n",
      "       [-1.     , -0.00027, -0.00002]])\n",
      "local_from_ecef = array([[ 0.00028, -0.99996,  0.00851],\n",
      "       [-0.00002,  0.00851,  0.99996],\n",
      "       [-1.     , -0.00028, -0.00002]])\n",
      "local_from_ecef = array([[ 0.00028, -0.99997,  0.00797],\n",
      "       [-0.00006,  0.00797,  0.99997],\n",
      "       [-1.     , -0.00028, -0.00006]])\n",
      "local_from_ecef = array([[ 0.00027, -0.99997,  0.00726],\n",
      "       [-0.00007,  0.00726,  0.99997],\n",
      "       [-1.     , -0.00027, -0.00007]])\n",
      "local_from_ecef = array([[ 0.00024, -0.99998,  0.0066 ],\n",
      "       [-0.00006,  0.0066 ,  0.99998],\n",
      "       [-1.     , -0.00024, -0.00006]])\n",
      "local_from_ecef = array([[ 0.00023, -0.99998,  0.00602],\n",
      "       [-0.00006,  0.00602,  0.99998],\n",
      "       [-1.     , -0.00023, -0.00006]])\n",
      "local_from_ecef = array([[ 0.00021, -0.99998,  0.00553],\n",
      "       [-0.00005,  0.00553,  0.99998],\n",
      "       [-1.     , -0.00021, -0.00005]])\n",
      "local_from_ecef = array([[ 0.0002 , -0.99999,  0.00512],\n",
      "       [-0.00004,  0.00512,  0.99999],\n",
      "       [-1.     , -0.0002 , -0.00004]])\n",
      "local_from_ecef = array([[ 0.00019, -0.99999,  0.00477],\n",
      "       [-0.00004,  0.00477,  0.99999],\n",
      "       [-1.     , -0.00019, -0.00004]])\n",
      "local_from_ecef = array([[ 0.00019, -0.99999,  0.00449],\n",
      "       [-0.00003,  0.00449,  0.99999],\n",
      "       [-1.     , -0.00019, -0.00003]])\n",
      "local_from_ecef = array([[ 0.0002 , -0.99999,  0.00426],\n",
      "       [-0.00003,  0.00426,  0.99999],\n",
      "       [-1.     , -0.0002 , -0.00002]])\n",
      "local_from_ecef = array([[ 0.00021, -0.99999,  0.00406],\n",
      "       [-0.00002,  0.00406,  0.99999],\n",
      "       [-1.     , -0.00021, -0.00002]])\n",
      "local_from_ecef = array([[ 0.00022, -0.99999,  0.00391],\n",
      "       [-0.00002,  0.00391,  0.99999],\n",
      "       [-1.     , -0.00022, -0.00002]])\n",
      "local_from_ecef = array([[ 0.00023, -0.99999,  0.00377],\n",
      "       [-0.00002,  0.00377,  0.99999],\n",
      "       [-1.     , -0.00023, -0.00001]])\n",
      "local_from_ecef = array([[ 0.00023, -0.99999,  0.00367],\n",
      "       [-0.00001,  0.00367,  0.99999],\n",
      "       [-1.     , -0.00023, -0.00001]])\n",
      "local_from_ecef = array([[ 0.00023, -0.99999,  0.00358],\n",
      "       [-0.00001,  0.00358,  0.99999],\n",
      "       [-1.     , -0.00023, -0.00001]])\n",
      "local_from_ecef = array([[ 0.00023, -0.99999,  0.00334],\n",
      "       [-0.00002,  0.00334,  0.99999],\n",
      "       [-1.     , -0.00023, -0.00002]])\n",
      "local_from_ecef = array([[ 0.00022, -1.     ,  0.00306],\n",
      "       [-0.00003,  0.00306,  1.     ],\n",
      "       [-1.     , -0.00022, -0.00003]])\n",
      "local_from_ecef = array([[ 0.00021, -1.     ,  0.00279],\n",
      "       [-0.00003,  0.00279,  1.     ],\n",
      "       [-1.     , -0.00021, -0.00002]])\n",
      "local_from_ecef = array([[ 0.00021, -1.     ,  0.00255],\n",
      "       [-0.00002,  0.00255,  1.     ],\n",
      "       [-1.     , -0.00021, -0.00002]])\n",
      "local_from_ecef = array([[ 0.0002 , -1.     ,  0.00236],\n",
      "       [-0.00002,  0.00236,  1.     ],\n",
      "       [-1.     , -0.0002 , -0.00002]])\n",
      "local_from_ecef = array([[ 0.0002 , -1.     ,  0.00219],\n",
      "       [-0.00002,  0.00219,  1.     ],\n",
      "       [-1.     , -0.0002 , -0.00001]])\n",
      "local_from_ecef = array([[ 0.00019, -1.     ,  0.00205],\n",
      "       [-0.00001,  0.00205,  1.     ],\n",
      "       [-1.     , -0.00019, -0.00001]])\n",
      "local_from_ecef = array([[ 0.0002 , -1.     ,  0.00192],\n",
      "       [-0.00001,  0.00192,  1.     ],\n",
      "       [-1.     , -0.0002 , -0.00001]])\n",
      "local_from_ecef = array([[ 0.00019, -1.     ,  0.00181],\n",
      "       [-0.00001,  0.00181,  1.     ],\n",
      "       [-1.     , -0.00019, -0.00001]])\n",
      "local_from_ecef = array([[ 0.0002 , -1.     ,  0.00172],\n",
      "       [-0.00001,  0.00172,  1.     ],\n",
      "       [-1.     , -0.0002 , -0.00001]])\n",
      "local_from_ecef = array([[ 0.0002 , -1.     ,  0.00164],\n",
      "       [-0.00001,  0.00164,  1.     ],\n",
      "       [-1.     , -0.0002 , -0.00001]])\n",
      "local_from_ecef = array([[ 0.0002 , -1.     ,  0.00161],\n",
      "       [-0.     ,  0.00161,  1.     ],\n",
      "       [-1.     , -0.0002 , -0.     ]])\n",
      "local_from_ecef = array([[ 0.0002 , -1.     ,  0.00157],\n",
      "       [-0.     ,  0.00157,  1.     ],\n",
      "       [-1.     , -0.0002 , -0.     ]])\n",
      "local_from_ecef = array([[ 0.0002 , -1.     ,  0.00155],\n",
      "       [-0.     ,  0.00155,  1.     ],\n",
      "       [-1.     , -0.0002 , -0.     ]])\n",
      "local_from_ecef = array([[ 0.0002 , -1.     ,  0.00151],\n",
      "       [-0.     ,  0.00151,  1.     ],\n",
      "       [-1.     , -0.0002 , -0.     ]])\n",
      "local_from_ecef = array([[ 0.0002 , -1.     ,  0.00149],\n",
      "       [-0.     ,  0.00149,  1.     ],\n",
      "       [-1.     , -0.0002 , -0.     ]])\n",
      "local_from_ecef = array([[ 0.00019, -1.     ,  0.00143],\n",
      "       [-0.00001,  0.00143,  1.     ],\n",
      "       [-1.     , -0.00019, -0.00001]])\n",
      "local_from_ecef = array([[ 0.00019, -1.     ,  0.00132],\n",
      "       [-0.00001,  0.00132,  1.     ],\n",
      "       [-1.     , -0.00019, -0.00001]])\n",
      "local_from_ecef = array([[ 0.00018, -1.     ,  0.00124],\n",
      "       [-0.00001,  0.00124,  1.     ],\n",
